              precision    recall  f1-score   support

           0       1.00      1.00      1.00        30
           1       1.00      1.00      1.00        30
           2       1.00      0.97      0.98        30
           3       1.00      1.00      1.00        30
           4       0.97      1.00      0.98        30
           5       1.00      1.00      1.00        30
           6       0.86      1.00      0.92        30
           7       1.00      1.00      1.00        30
           8       1.00      0.87      0.93        30
           9       1.00      0.97      0.98        30

    accuracy                           0.98       300
   macro avg       0.98      0.98      0.98       300
weighted avg       0.98      0.98      0.98       300
